[gd_scene load_steps=11 format=3 uid="uid://dv0icnr8cmce8"]

[ext_resource type="Script" path="res://scripts/Camera/Camera.gd" id="2_2d70t"]
[ext_resource type="Script" path="res://scripts/Camera/Position_Lag.gd" id="2_o0bro"]
[ext_resource type="Script" path="res://Position_Ideal_Cam.gd" id="3_173os"]
[ext_resource type="PackedScene" uid="uid://bdydb80mferdi" path="res://scripts/Player/player.tscn" id="21_l2xu5"]

[sub_resource type="StandardMaterial3D" id="StandardMaterial3D_la583"]
transparency = 1
albedo_color = Color(0.4, 0.356863, 0.360784, 1)

[sub_resource type="CapsuleMesh" id="CapsuleMesh_vjs87"]
material = SubResource("StandardMaterial3D_la583")

[sub_resource type="StandardMaterial3D" id="StandardMaterial3D_gx7s6"]
albedo_color = Color(0.145098, 0.384314, 0.188235, 1)

[sub_resource type="CapsuleMesh" id="CapsuleMesh_ij2d3"]
material = SubResource("StandardMaterial3D_gx7s6")

[sub_resource type="BoxShape3D" id="BoxShape3D_43wjy"]
size = Vector3(1000, 0.1, 1000)

[sub_resource type="BoxMesh" id="BoxMesh_dyu5r"]
size = Vector3(1000, 0.1, 1000)

[node name="Main" type="Node2D"]

[node name="Birb" parent="." instance=ExtResource("21_l2xu5")]
transform = Transform3D(1, 0, 0, 0, 1, 0, 0, 0, 1, 0, 2, 0)

[node name="Position_Lag" type="Node3D" parent="Birb"]
script = ExtResource("2_o0bro")

[node name="MeshInstance3D" type="MeshInstance3D" parent="Birb/Position_Lag"]
mesh = SubResource("CapsuleMesh_vjs87")

[node name="Position_Ideal_Cam" type="Node3D" parent="Birb/Position_Lag"]
transform = Transform3D(1, 0, 0, 0, 0.866025, -0.5, 0, 0.5, 0.866025, 0, 5, -5)
script = ExtResource("3_173os")

[node name="Camera3D" type="Camera3D" parent="Birb/Position_Lag/Position_Ideal_Cam"]
transform = Transform3D(-1, -3.55272e-15, -8.74228e-08, -3.58742e-08, 0.911927, 0.410353, 7.97232e-08, 0.410353, -0.911927, 0, 0, 0)
script = ExtResource("2_2d70t")

[node name="MeshInstance3D" type="MeshInstance3D" parent="Birb/Position_Lag/Position_Ideal_Cam"]
visible = false
mesh = SubResource("CapsuleMesh_ij2d3")

[node name="Ground" type="StaticBody3D" parent="."]

[node name="CollisionShape3D" type="CollisionShape3D" parent="Ground"]
shape = SubResource("BoxShape3D_43wjy")

[node name="MeshInstance3D" type="MeshInstance3D" parent="Ground"]
mesh = SubResource("BoxMesh_dyu5r")

[node name="DirectionalLight3D" type="DirectionalLight3D" parent="."]
transform = Transform3D(0.0870599, 0.512732, -0.854123, -0.0519929, 0.858549, 0.510089, 0.994845, -3.70609e-09, 0.101404, -10.1056, 7.24533, -0.0445724)
